5 [8.7696, 7.9728, 5.4523, 1.0] 1 2
10 [10.6617, 9.8422, 5.7458, 1.0] 1 2
25 [9.4741, 9.9736, 5.8608, 1.0] 1 2
28 [10.0609, 8.8317, 4.8644, 1.0] 1 2
36 [9.6275, 8.3777, 5.7954, 1.0] 1 2
39 [9.6875, 7.7061, 5.8133, 1.0] 1 2
52 [9.3191, 8.6497, 5.0807, 1.0] 1 2
68 [8.8438, 8.4579, 5.7583, 1.0] 1 2
69 [8.2532, 7.9388, 4.7198, 1.0] 1 2
81 [10.3583, 9.5181, 4.5244, 1.0] 1 2
83 [9.6115, 8.7506, 4.0352, 1.0] 1 2
95 [9.8589, 10.0712, 5.105, 1.0] 1 2
100 [8.5839, 8.8262, 5.9282, 2.0] 2 1
101 [17.5285, 1.418, 12.2175, 1.0] 1 2
200 [15.1319, 0.9429, 12.279, 3.0] 3 2
201 [1.8164, 4.9567, 1.9919, 2.0] 2 3
248 [0.5821, 4.509, -1.2249, 3.0] 3 2
249 [0.3734, 5.0369, -1.0103, 3.0] 3 2
290 [0.7351, 4.412, -1.172, 3.0] 3 2
accuracy : 93.66666666666667