0.96339 0.16419
1.33869 -0.46506
0.82328 0.65126
-0.07065 0.01888
1.80847 -0.26645
-0.97848 0.13962
1.79602 -0.31899
-0.27698 1.02596
0.58773 -0.61028
0.84501 -0.40596
1.86001 -0.12710
1.25131 -0.33673
-0.72743 0.57246
0.23511 1.07694
0.47493 -0.47618
1.81171 -0.16785
0.78491 0.65602
0.51569 -0.42265
-0.12678 0.48734
0.76149 0.67157
0.07638 0.55684
-0.90622 0.52853
-1.12732 -0.06401
-0.97061 0.43723
-0.33529 1.02710
-0.94699 0.61915
0.26831 0.01818
-0.93687 0.24980
-0.08812 0.32295
0.70606 0.67763
2.01106 0.25772
-1.08321 0.50194
0.79990 0.69501
-0.94977 0.42023
1.99643 0.16145
0.50650 0.91807
1.67657 0.00297
-0.93187 0.20213
-0.78719 0.16415
0.37494 0.99932
1.87638 -0.18049
-0.87748 0.46947
1.55931 -0.34013
1.91066 -0.01235
-0.44125 0.58238
-0.37468 1.00009
0.95003 -0.00224
1.14799 -0.26813
-0.97294 0.21295
-0.42384 0.69348
0.07073 -0.05236
0.58171 -0.43430
2.06607 0.13226
1.60342 -0.46720
-0.86960 0.42301
1.78497 -0.04724
-0.80621 0.66799
-0.84007 0.67052
-0.12780 0.89514
1.28359 -0.50539
1.21679 -0.47887
2.01184 0.20620
-0.49248 0.83053
0.94018 0.63129
0.10444 0.26559
0.74345 -0.25438
1.92672 0.39805
1.17280 -0.44729
-0.66059 0.54551
1.37338 -0.34542
-0.47199 0.71730
1.00784 0.26550
-0.03389 0.22237
1.43997 -0.29501
-1.04764 0.15282
0.86132 -0.52411
0.36978 1.04853
0.49575 0.83893
1.65241 -0.35812
1.72570 -0.21282
0.77947 0.57002
0.15506 1.15571
1.03232 0.34603
0.04737 -0.12824
-0.89364 0.09079
0.40212 0.87121
2.00976 0.09280
-0.24244 1.14944
1.97353 0.26505
0.46209 -0.14189
1.00079 0.76484
-1.07069 0.05967
0.67299 0.68760
-0.24679 0.90814
1.39208 -0.30686
-0.18833 1.02034
0.00753 0.10350
-0.36729 0.71647
2.03374 0.33038
0.18986 0.87348
1.45822 -0.45122
-0.06200 0.29305
0.11486 0.27489
0.77428 -0.57924
0.66810 0.87502
0.49853 0.87759
1.99987 0.37094
0.95796 -0.48286
0.34206 -0.31567
-0.10120 0.29504
0.52684 -0.45481
0.84216 0.14537
1.56376 -0.42051
0.44124 0.98752
-1.00931 0.34335
0.77390 -0.38688
-0.83883 0.42082
-0.85630 0.27891
0.64535 -0.25584
1.70896 -0.13694
0.92590 -0.63766
0.78688 -0.61658
-0.49721 1.04649
0.15265 0.16574
-0.79386 0.82111
0.87055 0.46968
1.03211 0.34538
-0.84674 0.08628
-0.78197 0.73348
0.38466 1.02315
0.11374 -0.24592
0.95957 0.23749
1.72369 0.04695
1.75741 -0.11561
1.04882 0.47989
0.66308 0.73756
0.26953 -0.08592
-1.02098 0.46064
0.09598 0.43582
0.69003 1.05981
0.09638 1.10195
0.87827 0.35770
0.44742 0.73186
0.70242 -0.37591
0.36601 -0.20918
2.03113 0.33744
1.92697 -0.26160
0.51211 0.90101
0.02888 0.15423
-0.74681 0.67273
1.24597 -0.37236
-0.41219 0.98825
1.98486 -0.06581
0.70337 0.64427
0.47010 0.80222
1.22645 -0.35216
1.65977 -0.35257
0.88004 -0.35796
-0.00062 0.93275
1.03699 0.17679
0.26693 0.04690
-0.99482 -0.03249
-0.03870 0.98520
0.06918 0.49071
0.12889 0.25194
1.77224 -0.25853
0.45053 1.00922
-0.87675 0.43808
-0.08407 1.00089
0.37324 -0.65199
0.70022 0.61059
0.87367 0.50209
1.02639 -0.45836
-0.01600 0.98473
-0.84612 0.92788
-0.60531 0.92412
-0.73014 0.75598
0.52942 -0.58639
0.72775 0.66154
1.13213 -0.87761
0.64486 0.68205
-0.92529 -0.08355
1.73985 0.09073
0.11102 0.16615
0.27602 -0.17935
1.30088 -0.41002
1.53083 -0.51979
0.90214 0.15873
1.98861 0.66670
-0.76104 0.83327
1.09872 -0.68760
0.07516 0.38190
0.19869 0.01881
-0.76247 0.46319
2.08653 0.24433
2.03058 0.22822
0.13471 0.29751
-0.88493 0.22147
0.25009 -0.21631
-0.16166 0.98101
0.45279 0.74503
1.88492 0.12862
0.86573 0.35391
0.93389 0.28172
-0.67495 0.78555
1.05312 0.47994
-0.91050 0.44347
1.12418 -0.52015
0.54656 -0.35511
1.10381 -0.57334
0.26187 -0.40125
1.48863 -0.39315
-0.33670 0.82239
0.02154 0.85690
-0.55029 0.70528
1.82857 -0.17862
-0.94496 0.58036
0.38184 0.95872
0.00122 0.12784
1.84778 0.19789
-0.35233 0.98937
0.33935 -0.29443
-0.88010 0.34353
0.10993 -0.08099
0.85830 0.31715
1.93840 0.23300
-0.09231 1.04645
0.24884 -0.09698
1.07348 -0.49012
0.49086 -0.31574
1.89849 -0.04779
1.93601 0.54577
0.19409 -0.45327
1.43796 -0.35073
0.08127 0.88236
1.45421 -0.29403
1.97741 0.35415
2.02749 0.00758
-0.82810 0.05960
0.94296 0.23107
0.05487 0.29959
-1.04186 0.33098
2.18120 0.43356
1.87739 -0.03027
-0.55908 0.92408
1.61067 -0.20323
-1.06818 0.05976
1.74194 0.04702
0.36395 0.84014
0.37362 0.93777
-0.96451 0.67455
1.86561 -0.26330
2.01083 0.49294
2.05705 0.08958
0.85884 -0.59406
0.74728 0.14820
0.01657 0.96206
-0.91694 0.40018
1.20471 0.18316
1.67139 -0.16785
1.57274 -0.28006
0.71532 0.57296
1.06134 0.34267
0.49571 0.76242
0.03447 0.45409
0.31420 0.76642
1.01176 -0.46181
0.01176 1.00464
0.10043 0.02486
1.09635 -0.48073
0.48141 0.75660
0.84571 0.64334
0.52014 -0.39134
-0.27530 1.05885
0.65440 0.45558
-0.88747 0.49574
0.89090 -0.41556
1.92239 0.30739
0.29857 -0.14929
0.57016 0.75359
0.66497 0.74599
-0.85234 0.31342
0.92882 0.59823
-0.08845 0.97652
-0.50917 0.88744
-0.85259 -0.06852
0.76798 -0.46965
1.90541 0.14374
0.26946 1.02716
1.92201 0.11211
-0.58385 0.96537
1.96710 0.20058
1.92068 0.22704
0.04507 0.25421
0.94086 -0.35070
0.35878 -0.12283
1.40599 -0.49363
0.96976 0.21892
0.88738 -0.63499
0.55851 -0.37402
0.80386 -0.52236
-0.76548 0.93100
0.95472 -0.00626
-0.08721 0.18862
1.83684 0.15011
-0.15836 1.00060
1.02797 -0.58395
1.90707 0.22753
0.66186 -0.37671
0.00360 0.00220
0.67814 -0.24121
-0.60204 0.87094
1.70238 -0.17421
-0.12169 1.00198
0.33408 -0.17398
1.98615 0.35299
1.96351 0.46670
0.18679 -0.11629
0.65287 0.65011
-0.30076 0.95477
0.69783 0.73780
-0.21864 0.97680
0.87345 0.69113
-0.02222 0.91820
0.57360 -0.49081
0.95701 -0.45572
1.73528 0.11680
1.92768 0.07814
-1.03754 0.07224
-0.43341 0.75074
-0.20852 1.12120
0.12421 0.26770
0.00355 0.96212
1.81695 -0.00203
0.10882 -0.09390
-0.82267 0.64423
-0.07304 1.09262
0.20033 -0.23233
1.23683 -0.28065
0.35475 0.80235
1.12973 0.29229
0.96115 0.37328
0.23672 1.09536
-0.77276 0.62557
0.15434 -0.16995
0.12626 0.88667
0.56081 0.79062
0.88708 0.78226
1.81433 -0.08203
0.74780 -0.29028
-0.87812 0.12451
0.55414 -0.53582
2.08786 0.31898
0.92117 0.51786
-0.70561 0.26586
-0.15289 0.87772
0.87548 -0.48612
0.99729 -0.56766
0.48049 -0.41961
0.13879 -0.03506
-0.21164 0.22036
0.64914 0.62707
0.24104 -0.11065
0.11803 0.97885
-0.66371 0.75812
1.05865 -0.03112
1.87812 0.28566
0.50209 0.82614
1.51952 -0.42936
0.65009 0.83735
0.49208 -0.10286
-0.72995 0.70136
0.91111 0.43158
0.76445 -0.51573
1.58325 -0.27164
0.90995 0.73867
0.24239 -0.07649
-1.13649 0.20776
0.81185 0.71596
0.49563 0.90904
1.81807 -0.10883
0.16019 1.18073
1.91817 0.41922
1.10868 0.10599
0.97310 0.26968
0.45713 0.87262
0.78997 0.57561
-0.74135 0.79050
0.21518 -0.36614
0.97522 0.11061
0.26439 -0.26612
-0.93420 0.33502
-0.31534 0.95559
2.05999 0.11778
1.79494 0.39018
0.79854 -0.55247
0.81947 0.62504
0.36636 -0.02007
-0.54317 0.82845
1.68878 -0.08251
0.97068 0.21297
1.55911 -0.44081
0.61405 -0.47878
1.78532 -0.03605
-0.86989 0.68529
-0.63478 0.65398
1.80073 -0.12236
-0.86060 0.37319
-0.09268 0.29047
0.90725 0.28225
-0.77908 0.71528
0.78365 0.79318
0.69455 -0.32640
0.70046 -0.81137
0.94942 -0.46655
-0.56084 0.98559
0.57454 0.78016
-1.09352 0.42864
0.38290 -0.28330
0.31790 -0.10877
0.54315 -0.20658
-0.07314 1.04620
1.26583 -0.53600
-0.20503 1.08186
-0.42215 0.95982
-0.75333 0.72441
0.50364 0.93803
0.97422 0.22964
0.29740 1.00397
-0.38948 0.89684
-0.95856 0.47450
0.99134 0.40414
0.10064 0.21289
1.60021 -0.35184
0.55127 1.01588
0.93120 -0.49545
0.71742 0.79938
0.11324 0.98815
-0.86028 0.04411
-0.51386 0.78293
0.94056 0.30146
0.94493 0.20285
-0.67379 0.79599
1.21642 -0.33148
0.25535 0.91550
0.94685 0.06197
0.11086 1.08223
1.83720 -0.24518
0.18481 0.04776
0.37970 -0.27399
0.96482 0.18719
0.31984 -0.01740
1.73587 -0.11085
0.91354 0.03494
-1.00892 0.43927
1.19936 -0.24240
-0.02758 0.21260
0.24949 -0.19811
0.37807 0.90056
0.83275 0.51376
0.04448 0.54336
1.20331 -0.59644
-1.00794 0.28497
-0.01578 -0.11617
1.25005 -0.51103
0.71982 0.75448
1.18321 -0.45714
0.44886 -0.26356
-0.00026 0.49428
0.14816 0.31795
0.67478 -0.51073
0.08241 -0.11120
0.16456 0.21574
0.15561 0.30308
-0.80830 0.54014
0.91252 -0.43074
0.93445 0.66603
0.88800 0.47983
1.58076 -0.23681
1.67926 -0.11368
0.64545 0.56130
0.80137 0.70540
0.35937 -0.40958
-0.26174 0.85399
1.95854 0.31699
-0.65666 0.90165
-0.70449 0.69929
1.86977 -0.02158
0.47998 -0.26753
0.07856 0.18899
0.49345 -0.33877
-0.83114 0.51296
0.21869 1.03755
0.43724 0.73595
-0.97231 0.57565
0.35018 0.84303
2.09983 0.41808
0.87517 -0.42710
-0.23466 0.96418
0.03333 0.17416
1.75019 -0.23037
-0.84572 0.43734
0.96197 -0.41483
-0.06896 0.21808
-0.86297 0.19803
0.34357 0.99512
-0.73707 0.72703
1.41458 -0.46843
0.78165 -0.55969
1.37663 -0.32307
1.71695 -0.34972
1.44927 -0.12877
0.48053 0.88514
2.02421 0.35797
0.44338 -0.35509
0.85026 0.61702
-0.33357 1.04506
2.02079 0.33443
-0.65917 0.74607
0.33068 0.92636
-0.89213 0.28216
0.43765 0.99068
0.89249 -0.60840
-0.22569 0.99084
1.83649 0.04339
1.79450 -0.15899
1.88557 -0.25817
0.05729 -0.11471
0.37242 0.87585
0.84756 0.51223
2.09279 0.17596
-0.17412 0.92269
-0.08205 0.38795
0.49569 -0.41493
0.35044 0.84927
0.57309 0.75817
1.65924 -0.10077
1.02625 0.57062
0.47372 -0.30812
0.73661 0.95068
1.64353 -0.28882
1.88827 0.15299
-0.29422 0.99157
0.89210 0.59305
0.46673 -0.20352
2.27417 0.42561
0.04822 0.20888
-0.63467 0.50054
2.08526 0.57175
-0.18421 1.00944
1.39790 -0.46506
1.07355 -0.02576
0.10077 0.30117
0.78777 0.58034
-0.33930 0.98447
-0.69981 0.79516
1.32353 -0.28107
0.18777 0.98031
1.95313 0.26798
0.51781 0.75343
-0.78043 0.59255
0.99981 0.18969
0.13913 0.67333
1.25719 -0.49472
0.34996 1.03370
-0.00330 0.12062
1.96740 0.21952
0.94449 -0.54486
0.01272 0.30907
0.61902 -0.27959
0.58207 -0.53195
-0.71779 0.22727
0.87340 0.58465
-0.81216 0.31152
0.93519 -0.22216
-0.50791 0.68372
0.43279 -0.31124
1.11142 0.02590
-0.88881 0.65261
0.83873 -0.50534
1.80460 -0.10010
1.89791 -0.40516
1.19527 -0.38758
0.68165 -0.38803
0.10857 -0.17066
1.46609 -0.60957
0.20011 -0.22197
0.93222 0.17859
-0.67090 0.73994
1.47072 -0.37389
0.98284 0.27343
0.70242 -0.53728
0.17110 0.08473
0.43561 -0.44963
-0.36372 0.96053
0.16508 0.95950
0.67160 -0.48969
0.92804 -0.67348
-0.90421 0.14647
1.47563 -0.35125
-0.11710 1.14607
-1.12225 0.23668
0.90685 -0.49489
-0.93942 0.64347
-1.02653 0.42883
0.31529 -0.11875
1.89226 0.06907
1.98159 0.06167
-0.94788 0.44041
0.09468 0.10923
1.70501 -0.18145
-0.73256 0.79899
-0.68434 0.83619
0.67131 1.04305
0.84798 0.35464
1.89159 0.32221
0.81264 0.45387
-0.55148 0.77337
0.57532 0.83379
1.41087 -0.41626
1.50070 -0.32261
0.32952 -0.37304
0.11135 0.11185
2.12264 0.33082
1.77180 -0.25546
-0.81663 0.59595
0.18008 1.08797
-0.13210 1.17309
-0.68977 0.61135
-0.67042 0.82140
0.04379 1.10733
0.10989 0.87532
-0.03937 0.43977
1.21311 -0.46468
1.30305 -0.44776
0.64869 -0.62776
0.82199 -0.34833
0.12783 0.26460
0.10769 0.01291
-0.68597 0.55864
-0.33255 1.18756
0.26366 0.94173
0.58933 -0.42192
0.35920 0.90710
-0.04101 0.24599
-0.22267 0.94294
0.20314 0.16859
1.97724 -0.04143
-0.71261 0.56008
0.97546 0.44124
0.45133 -0.31780
0.33625 -0.22212
1.09246 -0.02117
-0.07882 0.83882
-0.01939 0.25991
0.71950 0.74786
-0.32193 0.98560
0.75579 0.52384
1.06199 0.22858
-0.92142 0.09494
-0.93010 0.47262
0.90522 0.26178
-0.02032 0.97036
1.52191 -0.34075
1.05420 -0.00977
0.44675 0.98604
0.72757 0.50541
1.69958 -0.27135
1.05633 -0.55759
0.83438 -0.49542
-1.06999 -0.03259
0.00475 0.14056
1.00346 0.37213
0.01295 1.06856
-0.11388 0.14740
0.57763 0.91835
-0.52770 0.80101
1.43362 -0.46854
-0.54746 0.87612
1.89583 0.22052
0.58372 0.74062
-0.70063 0.53404
-0.00018 0.33422
-0.41522 0.58103
-0.99421 0.21277
0.05508 0.44143
0.26435 0.44532
0.79599 -0.49697
0.17023 -0.25711
1.65912 -0.43936
-0.67639 0.74867
0.80556 0.66027
-0.84666 0.77320
0.84991 0.75558
0.22050 -0.18060
-0.16220 0.86086
1.00591 -0.44589
-0.67680 0.68844
0.48955 0.79504
0.33695 -0.29554
0.21424 0.08046
1.39194 -0.44523
0.78003 -0.53680
-1.01130 0.12540
1.30239 -0.37075
0.09284 0.05308
0.66112 0.83085
1.47852 -0.47324
-1.01315 0.39565
0.53450 0.81208
0.70592 -0.43151
0.88530 -0.50905
0.95956 0.20240
-0.09022 0.27700
1.42153 -0.39867
2.13263 0.35272
-0.65026 0.66680
0.07621 0.06409
2.09116 0.47179
1.65787 0.03134
-1.16349 0.11832
0.00877 0.25334
0.53132 0.81110
1.56113 -0.39097
-0.13797 0.98451
0.02284 0.94841
0.43428 -0.36370
1.16063 -0.38298
0.29046 0.08162
1.60663 -0.41112
0.20948 -0.05839
1.84639 -0.25494
1.85937 -0.00613
-1.09486 0.08495
0.42105 -0.08639
0.83403 -0.55021
-1.14947 0.12022
0.09551 0.15810
1.79483 -0.16477
0.79746 -0.42865
0.08163 0.96335
1.07991 0.35955
-0.71653 0.76990
1.01268 0.21324
-0.61104 1.00938
-0.32212 0.97443
1.91179 0.24963
-0.18633 0.46641
1.82482 0.16743
0.99241 0.44881
-0.88254 0.48988
-0.84644 0.50688
0.14350 0.97218
1.94149 0.16534
1.08738 -0.35410
1.70206 -0.22970
1.95958 0.42659
-1.12732 0.29930
0.71631 -0.50380
-0.87655 0.45301
0.43374 -0.41941
0.24304 0.74353
-0.76985 0.53649
0.33534 -0.15101
1.47279 -0.15845
1.73514 -0.12727
0.79598 -0.26141
0.86731 0.36858
0.99651 0.07267
1.01850 0.38987
0.43397 0.88353
1.99323 0.13956
-0.39227 0.96532
-0.85482 0.52964
0.92532 0.45318
1.59023 -0.15489
0.87529 0.60003
-0.40145 0.65899
0.28136 -0.20737
-0.72872 0.85108
-1.01623 0.12791
0.09439 -0.16558
1.17952 -0.63656
0.49990 0.89469
-0.14534 0.48248
0.86270 0.08944
0.95806 0.07094
0.17317 0.08230
-0.68530 0.94044
0.91530 0.46778
0.45779 0.77566
0.72198 0.85504
0.04354 0.45816
-0.18552 0.35779
-0.62424 0.71355
1.03849 -0.45905
0.08810 -0.12779
-0.07088 0.40602
1.76650 -0.12816
1.27165 -0.45595
0.91131 0.39974
-1.03806 -0.08069
0.10174 0.51848
0.08337 0.62855
-0.17648 1.12848
-1.07079 0.11760
-0.54628 0.46344
-0.37714 0.80245
0.79970 0.44392
0.40533 1.03268
2.05961 -0.10869
1.77380 -0.17690
1.17053 -0.36975
1.93947 -0.09054
1.97016 0.14333
1.34171 -0.28638
-0.03080 0.88755
1.75332 -0.35393
0.15376 -0.32615
0.33874 1.09857
0.96937 0.22646
-0.63240 0.78403
0.87517 0.29416
0.60214 -0.55673
1.08715 -0.42668
1.77165 -0.05223
-0.66853 0.68146
0.99525 0.29243
0.51599 0.93585
-0.06520 0.94951
1.09367 -0.49597
0.23001 -0.18144
-0.02899 0.30407
0.21823 -0.24745
0.34875 0.94515
0.11405 0.14681
1.51379 -0.45445
0.37208 -0.28342
-0.69682 0.84229
-0.93636 0.54051
0.10448 0.05004
-0.56542 0.77675
1.51620 -0.52261
1.76844 -0.24057
0.16157 -0.15368
0.16193 0.40934
-0.75370 0.58440
1.48481 -0.08982
1.78908 -0.10155
0.28543 1.03317
0.01603 0.47241
1.74091 -0.42152
0.35674 -0.02390
0.15711 0.82102
0.67232 0.49219
0.74381 0.54143
-0.88966 0.20728
0.39575 0.88456
0.71901 0.59572
0.01119 0.39834
-0.42123 0.85996
-0.93875 0.52743
0.10596 0.98309
-0.62096 0.80343
0.64892 -0.49175
1.02630 0.33350
0.94804 0.29813
0.93769 -0.18602
1.76345 -0.24665
0.80041 -0.60086
1.49603 -0.26489
1.72769 -0.04198
-0.97365 0.27115
0.87332 0.30362
0.66779 -0.46063
0.51640 0.83793
-1.16597 0.14286
0.03437 1.06785
0.77789 0.57285
-0.11991 1.09393
0.92895 -0.50718
1.36485 -0.33158
0.47721 -0.28748
1.85324 -0.08912
-0.67219 0.78145
1.20775 -0.27458
1.88207 -0.15550
1.72714 -0.16549
-0.99097 -0.03263
0.89450 -0.39807
1.87988 0.13083
0.76702 -0.37798
2.04849 0.49450
0.19403 0.05268
-0.02546 0.51298
1.29752 -0.45930
2.00341 0.24144
0.08906 0.04531
0.19955 -0.02210
1.27059 -0.37091
-0.34880 0.98782
0.02007 0.94009
1.85010 0.25947
1.89085 -0.15093
-0.18637 1.04338
-0.87959 0.46927
1.99631 0.22775
0.08902 0.09086
1.47797 -0.35952
1.13215 -0.62063
-0.02552 0.30073
1.20434 -0.64712
1.13175 -0.51276
0.13315 0.99098
-0.23995 0.96326
-0.40978 0.95332
0.10433 -0.13767
-0.36772 0.82018
0.95230 0.12532
-0.13844 0.91800
0.92507 -0.03698
1.60544 -0.38600
1.15528 0.34928
0.07470 0.11022
-0.30110 0.92980
0.06644 0.00239
0.93894 -0.43726
2.05113 0.37534
0.42463 1.13586
1.51963 -0.15914
1.54951 -0.30688
0.50297 0.91177
0.47813 0.82379
0.28885 -0.28670
-0.43741 0.81275
0.40435 0.95113
0.81258 0.69938
0.61298 -0.49856
0.11647 0.07961
1.94169 0.03903
0.61988 -0.51359
1.43049 -0.49730
0.43618 0.92392
-0.54858 0.78397
-0.61966 0.59058
-0.83642 0.59059
0.97119 0.19216
0.10817 -0.00792
-0.32116 1.01425
0.65671 -0.43224
-0.71674 0.44719
0.18580 -0.15556
0.53293 -0.43104
-1.02729 0.38663
0.94837 0.52047
0.59957 0.80783
-0.93263 0.31863
0.20491 1.05103
0.76377 0.74633
1.00562 0.30260
1.76905 0.12578
-0.66732 0.96677
1.87756 0.08579
0.17247 -0.26153
2.06931 0.43741
0.36702 0.96816
0.24898 1.02933
0.92608 0.33221
1.87948 0.08286
-0.98797 0.23793
0.85311 0.16874
1.66654 -0.35159
1.23950 -0.49811
1.97748 0.27293
1.89747 -0.14514
1.10205 -0.38497
1.67638 -0.26339
0.70933 -0.32716
1.69823 -0.21895
0.69115 0.52666
-0.70262 0.88330
2.03887 0.31831
0.25239 -0.21178
-0.95986 0.67296
1.48930 -0.34691
1.94138 0.12035
1.12882 0.17293
0.17029 1.11152
-0.34563 1.12647
-0.59913 0.93387
0.76929 -0.41714
1.76651 0.25789
-0.12451 0.07722
-0.58679 0.77909
0.54653 -0.35222
1.94866 0.05787
-0.07084 1.20395
0.70418 0.56761
1.11931 0.08717
0.95473 -0.35248
0.00773 0.87848
0.99236 0.34239
1.05282 0.19719
0.95147 0.73016
0.43389 0.82282
-1.02879 0.19232
0.99031 0.28830
1.66665 -0.56864
1.13414 0.37357
0.09175 0.23430
1.07780 -0.65532
-0.88361 0.56133
0.82435 -0.51033
1.40655 -0.40678
0.47065 0.90312
0.16568 -0.11648
-0.31827 0.85592
-1.02397 -0.02715
1.23456 -0.65365
1.30662 -0.42704
1.62552 -0.34140
-0.18322 0.96203
-0.73900 0.54617
1.04191 -0.60740
0.92126 0.41882
0.91675 0.50402
-0.94908 0.19501
2.17857 0.32575
-0.67117 0.85095
0.20980 1.00385
0.31976 -0.00370
1.03865 0.02064
1.00997 0.31341
0.41494 0.81608
0.86209 0.27802
0.12777 0.37066
0.23776 -0.02823
1.09198 -0.38356
1.70048 -0.10753
0.79058 -0.60738
-0.27057 0.96309
-0.77307 0.71045
0.69513 -0.54273
1.46631 -0.36918
0.94966 0.41813
-0.04400 0.09996
0.63716 -0.53588
1.28403 -0.29961
-0.44055 1.01684
0.09907 0.06316
0.95021 0.19124
0.34096 0.88114
1.95867 0.45571
2.19428 0.41559
1.02222 -0.63367
-0.78485 0.69901
0.82725 0.11976
0.12827 1.00645
0.28103 -0.38243
0.91924 -0.37378
-0.82944 0.76689
0.11219 0.38175
0.84368 -0.59975
0.92184 -0.43095
1.90863 -0.05676
0.80427 0.64480
1.03261 -0.45800
0.53964 -0.35785
0.14982 0.15677
-0.19524 1.11911
-0.49467 0.85037
0.86203 0.26865
-0.09248 0.96472
0.99051 0.37664
0.25650 0.00556
0.01263 1.00240
0.21663 -0.26157
-0.64332 0.78398
-0.02999 0.98572
0.95859 0.49979
0.87622 0.41611
-0.97401 0.27325
0.25784 0.94632
-0.43861 0.99451
0.21760 -0.26111
-0.45494 0.79163
0.21555 -0.13827
1.87532 0.10306
-0.55862 1.05746
0.99451 0.30169
-0.92788 0.57162
-1.02820 0.17827
1.62581 -0.29172
0.85518 -0.36961
-0.08920 0.45950
0.62480 -0.37247
1.72686 0.11177
1.68635 -0.20259
0.58887 0.76761
1.03112 0.58349
-0.64963 0.72524
0.16345 0.79457
1.76993 0.07863
1.83896 0.03604
0.18044 0.90095
2.01114 0.11695
0.28359 0.05302
-1.10979 0.02961
-0.79587 0.62087
-0.93526 0.67472
1.70060 -0.34451
0.19022 0.91501
-0.94705 0.39336
0.81158 0.33954
0.37515 -0.23220
0.95161 0.55490
-0.08893 1.00989
1.76312 -0.00766
1.31970 -0.44513
-1.00333 0.30390
1.43435 -0.52658
0.30398 -0.17689
0.61613 -0.35975
-0.89404 0.26563
1.91009 0.19515
1.49267 -0.38759
1.32288 -0.55122
-0.95659 0.42151
0.64931 -0.32842
-0.93065 0.13600
0.15707 -0.07886
0.61903 -0.67249
-0.07430 0.92084
1.75876 -0.28999
2.03314 0.53874
0.94228 0.22663
0.50070 0.89621
0.17003 0.99104
0.53238 1.08930
0.01733 1.03168
-0.04434 0.47859
0.52124 0.78349
0.09957 0.84096
0.38077 0.86217
-0.25409 1.13319
0.50503 0.93539
1.03458 0.17069
-0.70208 0.59642
1.00964 -0.56553
0.88701 0.36714
-0.89083 0.42383
1.05947 -0.39726
0.49616 -0.35937
0.31263 0.83672
-1.01616 0.35663
0.75115 -0.30524
-0.21660 0.34571
-0.12674 0.33062
1.39537 -0.39306
-0.34344 0.82723
0.38176 0.97296
-0.78915 0.54014
0.23035 1.04889
0.38569 0.98849
-0.96686 0.25008
1.21502 -0.38532
0.08959 -0.11317
0.67642 -0.45686
0.19224 0.04866
-1.06975 0.39575
-0.00062 0.27815
0.45642 0.69940
-0.66684 0.72517
1.93328 0.21897
-0.59471 0.62871
-0.73142 0.36128
1.38605 -0.39868
0.03360 0.22458
0.31187 0.57060
0.04693 0.37975
1.05644 0.00711
-0.94142 0.18051
2.02534 0.14470
1.15560 -0.47334
0.21025 -0.42683
0.49766 0.74379
-0.08294 0.98429
0.11429 0.43610
0.04227 0.38885
0.13987 -0.18999
1.43072 -0.37701
0.11301 -0.09738
-0.49814 1.17318
0.59245 -0.40732
0.93917 -0.22879
0.23395 0.30672
0.83980 -0.55545
0.11140 -0.07451
-0.90299 0.37798
1.36155 -0.31758
-0.97068 0.40302
-0.52260 1.04863
-0.17226 0.20882
-0.47293 0.86551
1.52427 -0.25278
0.45116 -0.40210
1.34701 -0.42124
-0.80191 0.40731
-0.03472 0.22520
0.81567 -0.60426
0.75781 0.72601
-0.08107 1.01046
-0.38595 0.74437
1.08195 -0.28829
2.00138 0.01819
-0.87422 0.49809
1.97310 0.12223
0.60377 -0.46167
0.73366 0.59251
1.57885 -0.27750
-0.16403 0.95734
0.51773 0.73187
1.67013 -0.12762
1.92598 0.28615
1.86329 0.15523
0.34808 0.91903
0.48514 -0.19058
1.15000 -0.52219
0.35823 -0.02255
0.94082 0.34506
0.50292 -0.49083
0.00383 0.92397
0.66299 -0.58719
0.41947 -0.52705
0.81358 -0.77810
0.60630 0.78260
0.10056 -0.04201
1.85122 0.18037
0.04043 0.00955
0.51254 0.90024
1.89481 0.09681
1.64101 -0.33101
0.35767 -0.45103
1.13328 0.22559
0.75446 -0.29807
-0.36834 1.01497
-0.97644 0.19501
0.83761 -0.56783
-1.15647 0.50394
1.80309 -0.00701
1.94480 0.07633
1.87541 0.01128
1.21163 -0.42263
1.68995 -0.12541
0.12476 0.88289
1.97086 0.40743
1.85550 0.13213
1.92708 0.00796
-0.17775 1.06359
0.09806 1.09281
2.04289 0.40166
1.36810 -0.40109
0.38841 0.89194
1.48698 -0.48201
1.94930 -0.09102
2.07745 0.48243
-0.52903 0.92433
-0.88254 0.24155
1.21355 -0.44545
1.19819 -0.45600
0.99313 -0.50900
0.10809 0.48756
1.44305 -0.45118
1.77095 -0.22956
0.77105 -0.36517
0.25343 0.15535
0.56656 0.67180
0.22453 0.38141
0.99609 0.63181
-0.08757 0.11577
0.13200 -0.04336
-0.08092 0.34615
0.18869 0.94507
-0.26085 0.81094
0.50264 -0.28300
1.19894 -0.40440
-0.01170 0.96261
-0.65066 0.73737
1.24745 -0.37246
0.25962 0.41528
0.85324 0.66874
0.09662 0.10147
0.97060 -0.40717
0.23672 -0.15815
1.82967 -0.33019
1.43395 -0.51599
-0.93274 0.55003
-0.60091 0.80661
-0.35415 0.87541
-0.21783 1.02433
0.10115 0.84988
-0.35176 0.97760
1.20470 -0.44772
-0.57798 0.30629
0.89904 -0.69958
-0.65048 0.78650
0.39754 -0.57876
-0.97794 0.24557
-1.03470 -0.11603
1.54741 -0.42052
0.17957 0.63192
-0.03843 0.17530
-1.16931 0.22958
0.11031 0.04519
-1.07783 0.18963
0.37264 0.79603
-0.41150 0.99241
1.95014 0.37966
0.80307 -0.40762
0.13403 0.04492
-0.76001 0.87027
0.82958 -0.32667
-1.07307 0.02250
0.16097 -0.21243
0.07899 0.02627
0.05811 0.87182
0.88852 -0.01253
2.07977 0.43937
0.39714 -0.47432
1.08581 -0.51954
-0.07571 0.47894
0.98267 0.18319
1.85139 0.24968
1.57016 -0.43755
0.09125 0.99817
0.39175 -0.16273
-0.99959 0.13692
0.85299 0.22881
1.92535 0.18294
1.17149 -0.39471
-0.46780 1.08494
0.14802 0.81952
0.25451 1.14859
-0.26334 0.97640
0.41270 0.96555
-0.78332 0.50137
0.23060 0.94456
1.13949 -0.39004
-0.89420 0.31779
1.80069 -0.26337
0.11805 0.40706
-0.60546 0.82621
1.25820 -0.50116
2.00456 0.14261
0.09269 0.16115
0.49853 -0.33391
0.13084 0.22565
0.80348 -0.50150
0.26738 1.10542
-0.87274 0.51040
2.04530 0.61035
1.52833 -0.46767
0.13841 0.12000
0.17097 0.01717
0.53290 -0.24338
2.01931 0.35752
0.09413 0.22679
0.68213 -0.36899
-0.00859 0.27156
1.05397 -0.57485
0.97034 0.25000
0.77758 0.53519
0.68708 0.89121
1.98385 0.15011
1.50464 -0.35069
1.53150 -0.45027
0.37191 0.85722
0.32152 -0.34784
-0.92463 0.30749
0.15539 -0.14519
0.06606 1.02807
0.67981 -0.46599
1.39317 -0.43360
-1.07206 0.22903
-0.05719 0.65641
0.75334 0.47163
0.63277 -0.42385
0.09891 -0.26906
1.42465 -0.46842
-0.65014 0.53062
0.62105 -0.47551
1.10832 0.44682
0.80763 -0.38490
0.65582 0.65081
0.08883 0.41168
1.02380 -0.04285
0.91826 -0.41451
0.85984 0.63714
0.79081 0.62211
0.36734 -0.19988
0.54233 -0.28258
-0.21346 1.19847
0.62913 0.67599
-0.99127 0.09875
-1.00593 0.34238
0.72615 0.53777
0.21744 0.10824
0.77146 0.73044
0.83146 0.23673
1.55318 -0.28466
2.00701 0.21576
0.64375 0.68982
-0.04844 0.38721
0.93122 -0.04180
0.38327 1.00096
0.49658 0.80552
1.03179 0.25706
1.10304 0.02830
-0.92719 0.25807
1.35918 -0.41488
0.64328 0.76265
-0.79356 0.54314
-0.38194 0.78427
-0.31041 1.01144
1.00890 -0.64669
2.05666 -0.19060
0.87879 -0.40366
-0.71799 0.19982
1.82353 -0.00082
-0.48943 0.92190
-0.64848 0.61547
-0.58540 0.78085
1.08821 -0.23975
-0.89664 0.58048
-0.67564 0.63404
-0.29244 0.93153
-1.04729 0.44628
0.69029 0.27723
-1.06876 0.07800
0.94241 0.37670
1.54071 -0.36082
1.33579 -0.28592
1.48398 -0.49974
0.44178 0.91989
-0.80001 0.42601
1.59679 -0.32556
1.15558 -0.46735
0.53213 0.64130
-0.28457 1.08362
0.70116 -0.48890
1.15129 0.29626
-0.73988 0.95889
1.84524 0.29083
1.28332 -0.46648
-0.02678 0.95701
-0.12215 0.92828
0.41959 0.88525
0.06570 -0.11426
1.38819 -0.36535
0.79300 0.66947
0.45014 -0.23590
-0.53403 0.79192
-0.99772 0.35536
2.07899 0.40898
1.89806 -0.05904
0.49106 -0.26074
-0.41399 0.89285
0.85994 0.37782
-1.03711 0.39526
0.95955 0.29711
0.20226 -0.01315
0.94974 0.32101
1.89193 0.18317
-0.84335 0.29944
0.36112 -0.20975
1.93465 0.40709
-0.58552 0.86575
-0.86000 0.59481
0.59881 0.93000
2.02206 0.12338
0.04400 0.15885
0.19072 0.95006
0.73346 0.68773
1.84758 -0.04851
1.04994 -0.60546
0.81013 0.58719
1.77451 -0.34538
0.09055 0.01474
0.95800 0.40450
1.65029 -0.05090
0.82093 0.44207
-1.04118 0.43528
-0.41705 0.93604
0.46371 -0.41504
1.01713 0.62830
0.68220 0.76121
0.77632 0.69488
0.06695 1.09698
0.67718 -0.50096
-1.02350 0.27370
-1.02556 0.55410
-0.95124 0.51414
-0.53656 0.84867
0.55076 -0.36319
0.65594 -0.56161
1.15436 -0.41337
0.38174 -0.36384
-0.06299 0.31626
0.43667 -0.22500
0.36480 -0.20642
1.73113 -0.30514
1.04082 0.09443
0.88706 -0.11581
0.56943 0.53909
1.16509 -0.48981
1.90277 -0.11345
0.73652 0.76431
-1.15105 0.22658
1.75859 -0.40916
-0.15314 0.85098
-0.28954 0.26142
1.48347 -0.45919
0.42399 -0.18193
-0.96952 0.59070
-0.98360 -0.08178
0.71663 -0.60661
0.36758 1.08568
1.33521 -0.42675
0.13375 1.23255
-0.31188 0.98639
0.02684 0.59641
-1.11583 0.28085
0.36549 0.85239
1.96615 0.16058
-0.12651 0.89064
0.58327 1.06461
1.73123 -0.04821
0.82960 0.62562
1.47540 -0.37832
0.02822 0.35017
1.76698 0.31023
-0.58290 0.88246
1.82844 -0.02158
-0.24309 0.84071
1.06085 -0.36637
0.01635 0.03609
1.84869 0.05644
-0.23036 1.01107
1.98477 -0.00251
-0.10232 1.10646
1.42305 -0.51746
-0.99417 0.62159
0.98031 0.22306
0.79136 0.62262
1.85109 0.20277
0.22217 0.19163
0.11041 1.06063
0.17515 1.05589
-0.83338 0.60970
0.78299 0.54657
-0.39235 0.84928
1.04587 -0.00701
0.93387 0.22631
0.28315 1.18313
0.52507 -0.45500
0.76953 0.75021
0.04623 -0.09987
0.60867 -0.47238
0.23144 -0.10372
0.27193 -0.17625
2.01557 0.39284
-0.00934 1.02738
0.91720 -0.65382
-0.97415 0.18826
-0.87380 0.62660
1.90470 0.25199
1.34408 -0.30283
0.84330 0.54671
1.01749 0.17284
0.25647 0.87930
0.11070 0.41535
1.78178 0.21374
0.27704 -0.08772
0.46996 1.14088
-0.99470 0.04103
0.23619 1.06153
1.03614 -0.61840
0.85415 0.01979
0.08962 0.03652
0.11815 1.02770
1.90681 0.24995
-0.06237 0.89653
-0.28000 1.15795
1.12268 0.03663
-0.02267 1.01946
-0.94486 0.38544
0.90287 0.27727
0.85610 -0.29306
0.68461 0.68384
0.94156 -0.56642
-0.83128 0.56269
-0.58735 0.88351
0.23777 1.19349
0.10164 0.94740
0.34563 1.16215
1.77127 -0.35940
1.46980 -0.44173
-0.40194 0.97071
-0.81479 0.62603
0.69302 0.42608
0.78693 -0.50877
-0.95278 0.26331
1.16578 -0.38982
0.52130 -0.39639
0.07392 -0.00001
0.31664 0.90488
0.27210 -0.12708
-0.51246 0.64175
1.92686 -0.16368
0.44112 -0.10795
1.03195 0.06919
1.05842 -0.35520
1.96351 0.08811
1.80878 0.19456
0.58963 -0.48719
-0.76422 0.42404
1.60350 -0.07389
0.35606 -0.37203
-0.00563 0.05871
1.35885 -0.19990
-0.73963 0.84191
-0.21486 1.01769
0.36122 1.08908
0.76546 0.44694
0.07941 0.91521
1.60095 -0.25315
1.90177 0.11784
0.77558 -0.42866
0.12216 0.16673
0.11867 1.05323
1.87010 0.23199
0.66468 -0.48518
0.37847 0.83455
2.00067 0.12564
-0.31146 1.00183
0.73430 -0.51231
1.55462 -0.14955
0.07848 0.52828
-0.48383 0.89605
0.25763 -0.26870
1.88976 -0.07734
2.09043 -0.07473
0.05601 0.10565
0.05284 1.04741
0.71047 -0.36018
0.95620 -0.50424
0.17970 0.13132
-1.17537 0.57339
-0.12236 0.26242
1.67996 -0.05429
-1.01857 0.10606
0.61849 0.70321
-0.67977 0.94585
0.96212 0.01967
0.37813 1.01212
0.07408 0.11669
0.92721 0.06377
-0.84015 0.35174
-0.33526 0.95187
0.40900 -0.40655
1.05110 0.24639
0.78499 -0.57641
0.37379 -0.43127
2.09955 0.48183
0.90857 0.59155
-0.15743 1.08631
-0.25358 0.86388
-0.21240 0.86891
-0.85458 0.50167
1.72347 -0.07896
-0.90428 0.51618
1.88805 0.56290
0.12623 1.09542
0.38506 -0.22792
1.86137 0.72234
1.84498 0.43471
1.83362 -0.30370
0.80937 -0.37476
0.15703 -0.15523
-0.97984 0.24128
0.49278 0.71098
1.86300 -0.10267
-0.24019 0.96721
0.40102 1.05991
-0.11751 1.07294
-0.29945 0.98202
0.33559 0.96223
-0.52717 0.68377
1.76385 -0.44528
0.36909 0.78506
1.10611 -0.51131
-0.84999 0.50720
0.19413 1.00472
0.31063 -0.29156
0.29076 -0.33398
0.91221 0.60873
1.48396 -0.66933
0.05229 -0.42254
0.22524 -0.24871
-0.49057 0.57175
0.14373 0.81660
1.94892 0.30557
0.74096 0.59483
0.51244 -0.36874
0.64894 -0.49070
-0.69509 0.31200
-0.95645 0.59144
1.66137 -0.54023
0.29389 -0.07936
-0.49584 0.92611
1.86314 0.43243
-0.68782 0.71501
0.71631 0.60834
1.52975 -0.37009
-0.10411 1.00521
1.33206 -0.62948
-0.23089 0.81224
0.26528 -0.22744
-0.87433 0.78701
0.65478 0.66415
0.04084 -0.11867
1.84706 0.05542
-0.13621 0.96531
1.16388 0.30314
1.96597 0.20141
0.87927 0.56144
1.09065 0.16724
-0.86868 0.24496
-0.93366 0.28848
-0.66866 0.80038
0.93480 0.39952
0.10711 0.16861
0.76137 0.69618
1.16020 -0.56398
0.12760 0.85765
0.63678 -0.24957
1.22538 -0.56504
-0.98955 0.05388
2.11258 0.17900
-0.90052 0.05612
-0.07880 0.99606
-0.85737 0.20726
-1.07189 0.55819
-0.89551 0.66923
0.46246 -0.37942
0.71744 -0.41620
1.83237 0.05092
-1.05511 0.17800
1.53305 -0.26638
0.30190 -0.47480
0.73871 0.57807
1.99871 0.45647
0.21322 0.96692
0.24004 0.84762
-0.80621 0.49310
1.12843 -0.72899
-0.09418 1.06613
0.93657 -0.34058
0.97614 0.57394
-0.25805 0.96606
0.95265 -0.54906
-0.22482 0.92198
2.04799 0.41437
0.55466 0.88624
0.45107 0.70034
0.28963 0.73286
-0.01773 1.01193
-0.38026 0.94678
-0.31462 0.82679
0.63748 0.74431
0.17061 -0.13991
0.92537 0.12364
-0.08183 0.42884
0.73887 -0.35266
1.48940 -0.62514
-0.90919 0.05985
0.99099 -0.63182
1.00567 -0.32407
0.49915 0.88487
-0.21176 0.87577
2.06861 0.49324
0.54138 -0.27702
-0.42390 0.93910
0.16593 1.05751
0.62977 0.66070
1.83877 -0.08383
1.59318 -0.29750
0.11932 -0.05673
0.41317 -0.27272
-0.82683 0.27125
0.73009 0.55348
2.11063 0.19617
-0.54588 0.73024
0.85036 0.48621
-1.14527 0.18537
0.63138 -0.20663
0.97207 0.54608
0.22401 -0.22238
1.51445 -0.47403
1.24703 -0.35806
0.76807 -0.60863
0.08303 -0.13285
-0.02397 0.22411
-0.41610 0.94014
0.76455 -0.51933
-0.69331 0.56968
-0.33864 0.96370
0.50086 -0.35985
0.52503 -0.40262
-0.88777 0.83568
0.92768 0.35922
2.01680 0.37639
-0.24810 0.92240
0.98754 0.26808
1.37913 -0.34993
0.72107 0.77042
0.31526 -0.30038
0.11704 -0.00684
1.88545 0.18556
1.99513 0.47926
1.24772 -0.58045
-0.38983 0.91736
0.82965 0.03875
-0.78271 0.38096
2.24789 0.47377
0.67213 0.71452
0.95050 0.53813
0.17424 -0.08134
-0.70823 0.65976
0.73040 -0.43543
0.53575 -0.13012
-0.76568 0.20277
0.56643 -0.33037
0.00902 0.88093
-0.68084 0.57033
0.94567 -0.42640
0.91950 -0.54057
0.08108 -0.20611
1.36664 -0.36819
-1.07665 0.16509
-0.81796 0.28895
0.74936 -0.39638
-0.33013 0.91313
-0.84587 0.58649
0.78907 0.16603
0.24467 0.97075
-0.81600 0.53417
0.94416 -0.04450
-0.78565 0.21822
0.93108 -0.03704
1.42138 -0.52823
1.37579 -0.52350
1.71348 -0.23064
0.59988 0.81713
1.93835 -0.01750
0.26410 0.94592
1.14910 0.00978
-0.23585 0.97427
0.63802 0.80811
0.84177 -0.47212
0.09416 0.10188
0.65500 0.72589
0.88871 0.28283
0.03862 0.44893
0.09830 0.98977
0.75752 0.53069
0.09833 -0.02968
1.05304 -0.42918
1.29502 -0.53390
0.11216 -0.23653
1.96573 0.26720
0.97585 0.19881
1.07752 0.18819
0.84061 0.26433
0.04312 0.14815
0.34286 -0.43148
1.76949 0.06032
0.66829 0.80587
1.33101 -0.53380
0.92580 -0.60099
0.06614 0.42353
1.13306 -0.47843
1.14558 0.16096
0.91751 0.05410
-0.30588 0.91960
-0.96796 0.31784
-0.35061 0.90728
-0.20243 0.97035
1.23949 -0.55908
-0.92813 0.10404
1.84690 0.32903
-0.67714 0.54275
-0.76849 0.45077
0.81846 0.72387
0.37433 -0.33261
-0.06329 0.98082
-0.04996 0.06158
1.50912 -0.31155
-0.74721 0.55921
-0.54123 0.73339
1.00921 0.87857
-0.42400 0.86443
0.29978 1.20437
0.85855 0.60127
0.14813 -0.14068
-0.84277 0.75182
0.43522 -0.50628
1.31125 -0.33309
1.91475 0.35164
-0.22835 0.89827
1.71509 -0.28777
-0.88650 0.20378
0.03648 0.36991
-0.52246 0.76688
-0.67029 0.61525
1.02608 0.32596
-0.93416 0.31260
0.24224 0.15065
-1.09218 0.00543
0.28827 -0.02134
1.46024 -0.35503
0.07825 1.11307
1.92744 0.10766
-0.87154 0.10502
-0.14136 1.08303
1.44383 -0.46365
-0.91482 0.69828
-0.36900 0.78211
0.11106 0.43191
1.53284 -0.59393
1.80668 0.39479
1.50398 -0.32415
2.08149 0.39292
-0.71470 0.55603
-1.04786 0.02943
0.52695 -0.33058
1.14026 0.10600
1.53043 -0.32139
2.00162 0.30255
2.00990 0.42170
0.79358 0.71431
0.58541 0.58190
0.88941 0.69210
0.12703 0.47035
1.66013 -0.33375
1.70386 0.09113
0.58901 -0.38031
1.10437 -0.38619
0.41718 1.05025
0.45179 -0.38845
0.43351 1.00774
0.30618 -0.26048
0.84394 -0.44853
-0.38211 0.94972
0.75538 -0.31270
0.31787 -0.13116
1.62916 -0.53824
-0.90876 0.39335
-0.24332 1.08892
-0.94494 0.57684
0.87140 0.12706
0.61512 1.04009
1.63438 -0.44634
-0.69276 0.62756
0.91552 -0.03776
0.57008 0.87890
1.12854 0.05999
-0.77277 0.70475
0.10974 0.19915
0.06710 0.13932
0.52663 0.68566
-0.90684 0.45136
2.04977 0.37196
0.83619 0.05178
0.91109 0.57873
1.80160 -0.04009
-0.12950 0.32328
1.26523 -0.62572
-0.28162 0.97239
0.71533 0.50795
0.35714 1.06724
2.08442 0.53165
0.50935 -0.34829
0.67889 -0.39851
1.32203 -0.44608
0.33233 -0.19988
1.45431 -0.25745
0.88563 0.73298
0.50956 0.81776
-0.71051 0.53383
1.72979 -0.29242
1.17884 -0.46530
0.70838 -0.57125
1.83813 0.13542
0.12875 -0.03707
1.24851 -0.35476
0.95988 0.04469
1.97027 0.22284
-0.83242 0.48334
1.94763 0.18643
-1.01939 0.07799
-0.32541 0.99464
2.13995 0.22764
1.31045 -0.47579
-0.95419 0.28953
-0.29075 0.94701
-1.00947 0.36433
0.60292 0.48320
0.42505 0.90716
0.80563 -0.00777
0.86845 -0.42965
-1.04157 0.23270
-0.59769 0.63405
1.83579 0.26514
-0.09480 1.12465
2.07095 0.24813
1.75415 -0.08631
2.07618 0.23198
0.75917 -0.37273
0.70816 0.74196
0.17169 -0.09651
0.73656 -0.66072
-0.33551 0.97992
0.60013 -0.43590
1.91034 -0.08945
0.89645 0.03400
-0.27242 0.99579
0.53204 0.76595
1.88508 0.28134
0.79327 0.31189
0.57998 0.58819
1.96492 0.39731
0.40765 -0.28389
0.65611 -0.45197
1.06144 -0.47422
1.91625 0.13406
0.46697 0.96051
0.26769 1.02992
0.74849 0.59048
-0.29037 0.89107
1.59260 -0.45070
1.01761 0.03337
0.58282 0.71912
0.88514 0.47406
0.33000 -0.06622
-0.44861 0.94578
-0.75775 0.63141
1.90152 -0.03147
1.39538 -0.42562
0.87111 0.56691
1.47232 -0.56305
1.23409 -0.44665
0.86835 -0.40097
1.93821 0.37836
-0.13318 1.08772
1.21380 -0.52153
-0.03249 0.95290
1.05135 0.39669
0.67701 -0.46619
-0.80214 0.68473
1.75323 -0.41238
0.05800 0.36003
1.84484 0.04253
0.37672 -0.25965
0.03840 0.94682
1.61512 -0.45962
0.82489 0.47914
0.50565 -0.33110
0.36861 0.97584
-0.73219 0.54594
0.34186 -0.41248
0.30061 0.74679
0.34594 -0.23118
-0.07939 0.97547
1.69888 -0.12457
0.70577 0.72451
0.07724 -0.05349
0.87525 0.51444
1.68446 -0.04631
0.89068 -0.29874
-0.74741 0.60060
1.51796 -0.27290
-0.66423 0.87382
1.36772 -0.26331
-0.23513 0.81023
-0.61013 0.60396
0.76774 0.40624
0.05296 1.03104
-0.68954 0.72075
0.01960 0.09995
-0.67053 0.81240
0.24400 -0.31540
1.21137 -0.32155
0.51142 -0.40012
0.49505 -0.30432
0.09543 0.30768
0.84780 0.34167
1.94659 0.20010
1.83531 -0.14980
-0.34862 1.02415
1.87292 0.03430
0.90902 -0.45329
-0.59649 0.91867
1.13948 -0.57140
0.60461 -0.37789
1.10715 0.49142
-0.90431 0.65408
0.24312 -0.03354
0.10689 -0.12619
1.52664 -0.27949
-0.50093 0.68949
-1.02439 0.17185
-0.24448 0.85545
-0.03762 0.15735
1.39920 -0.43602
-0.83542 0.56263
1.88520 0.12664
0.08283 0.59974
-0.53927 0.84789
0.70945 -0.35400
-0.66218 0.68657
0.39016 -0.29388
1.79715 -0.27604
0.84354 -0.47292
1.95820 0.10236
-0.38259 0.87919
0.87735 0.48091
0.18430 0.04661
0.08300 -0.16455
0.43284 0.87167
0.11737 -0.07523
1.07396 0.12226
1.27194 -0.45208
0.40782 -0.30958
0.49474 -0.19901
-0.80264 0.56617
0.01113 -0.04118
0.91778 0.46508
0.11837 -0.19823
0.01755 1.08013
-0.71064 0.72271
-0.16052 0.21401
0.92114 -0.52338
0.80321 0.03877
1.84178 0.25999
1.82034 -0.04357
0.55639 0.73276
2.05241 0.43713
0.21788 0.97219
0.98721 0.17030
0.17964 0.96053
0.94677 -0.04055
0.91656 -0.19800
-0.78254 0.71802
1.07658 0.12291
0.00908 1.05502
1.36103 -0.37408
0.95513 0.44485
2.01114 -0.11722
0.56085 0.77167
2.03445 0.48894
1.14033 -0.37885
-0.97631 0.01637
0.92493 0.33347
-0.92300 0.39010
1.88065 0.00807
0.26806 -0.13936
-0.01927 1.04171
0.98911 0.09299
0.06540 0.22192
0.66080 0.80714
-0.88680 0.57422
1.96094 0.39010
0.40612 -0.22760
0.20351 -0.13150
0.82858 0.63776
-0.21915 0.90061
0.72613 -0.42943
-0.86279 0.69485
-1.04459 0.20254
1.03962 -0.49592
0.03172 0.96763
1.84583 -0.26034
0.87404 0.64747
1.63815 -0.34819
1.03441 -0.44148
0.05246 1.14830
0.03204 1.08181
1.41847 -0.20413
1.82046 -0.16740
0.98728 0.09114
-0.08792 0.46666
0.70988 0.66379
-1.04029 0.16635
1.92916 0.23502
0.72621 0.65722
0.36937 0.82637
1.86358 0.31565
0.73208 0.76370
0.50150 -0.29946
-1.01320 -0.02591
0.52334 0.95972
2.02818 0.32887
1.01170 0.00276
0.98189 0.14915
1.26962 -0.43298
0.23901 1.20080
-1.12259 0.12810
1.29115 -0.36232
1.81934 0.15071
1.80934 -0.22037
0.68900 0.72595
0.17988 0.93071
-0.35873 0.99805
-0.12685 0.17765
0.87016 0.00178
0.16337 0.31626
-0.48645 0.62389
1.50851 -0.23157
1.54130 -0.42529
-0.07746 0.94707
2.11857 0.24926
-1.14066 -0.00463
-0.87789 0.38595
0.00505 0.87501
0.37373 -0.08115
-0.98016 0.37115
-0.49185 0.75945
1.49434 -0.13342
2.03199 0.32029
0.73070 -0.46684
-0.83803 0.49708
-0.39737 0.87167
1.97409 -0.33063
0.51101 0.73247
0.04664 0.11588
0.84521 0.48650
0.27951 0.93684
-0.98363 0.03987
0.08759 0.19867
-0.01958 0.41679
1.95389 0.28530
2.02759 0.43595
1.11263 0.18504
0.71664 0.64802
-0.75274 0.41948
0.73189 -0.23707
1.89633 0.01548
0.80283 -0.43137
1.86055 -0.04812
-0.70313 0.64026
2.12779 0.19759
0.16491 -0.06199
0.92429 -0.50632
0.24981 1.01207
1.01127 -0.46693
1.72527 -0.13542
-0.43999 1.04514
0.18585 -0.18183
1.53215 -0.31615
-0.52391 0.83168
1.75100 -0.03829
0.75064 -0.40166
-0.07851 0.62230
1.22425 -0.60752
2.20625 0.37751
0.58956 0.83734
-0.91931 0.07550
-0.00075 0.19489
-0.17175 0.21931
2.05190 0.23823
0.57830 -0.35381
0.14283 0.94774
0.19710 0.94434
-0.21380 1.11805
1.86873 0.25525
-0.88227 0.28655
1.73828 -0.08337
1.72534 0.00413
-0.71621 0.79140
0.86375 0.49186
0.39939 -0.18888
-0.24593 0.98418
-0.18803 0.94045
0.19472 1.00036
-1.05493 0.34513
-0.95719 0.07041
-0.62163 0.68986
-0.53256 0.83402
1.97478 0.26827
1.34568 -0.43704
-1.22761 0.16560
1.91377 0.07027
-0.95113 0.09370
-0.90839 0.75528
0.90681 0.52617
-0.23416 0.96633
-0.83016 0.51669
-0.04712 0.45699
0.03957 0.04463
-1.03513 0.40129
-1.02809 0.27219
0.05481 0.51868
0.17729 0.17338
0.18097 -0.20153
-0.41453 0.86831
-0.24428 0.94663
1.61640 -0.51191
0.09350 -0.02209
0.81033 0.27557
0.15777 0.52187
1.44112 -0.31430
0.37548 -0.39664
1.86361 -0.14804
1.28104 -0.36725
0.46730 -0.26339
-1.06115 0.18412
0.98665 0.55535
0.12090 0.00913
-0.89489 0.47590
0.65717 0.93690
1.59471 -0.42790
0.49861 -0.23217
2.12744 0.56979
-0.23204 0.90514
0.67225 -0.37927
-0.58564 0.75894
0.12783 0.16791
0.41773 -0.25916
1.59270 -0.12205
1.52579 -0.24633
0.73238 0.60915
0.09471 0.04504
0.85557 0.62391
0.19360 0.91888
0.57321 0.77667
0.42762 0.74332
0.49049 -0.50227
1.35413 -0.37111
-0.80877 0.10777
-0.49540 0.93378
0.90105 -0.30677
1.81547 -0.25883
0.19840 -0.09334
-0.67849 0.75344
-0.48856 0.83996
1.39682 -0.39977
1.87245 -0.19372
-0.71838 0.60086
1.26137 -0.54641
0.19164 -0.00839
0.80864 0.63680
0.01739 0.47858
0.48776 0.90678
0.54204 -0.35470
-0.35652 0.94199
0.59410 0.80397
0.90422 0.50460
0.98174 0.38206
-1.08823 0.21296
-1.04783 0.30370
1.76208 -0.14253
-0.31253 0.82378
0.15168 0.37200
0.83674 0.66960
-0.35829 0.79459
0.48211 -0.36247
1.47491 -0.46939
1.61575 -0.21919
-0.93792 0.05148
-0.61355 0.55047
1.31216 -0.44912
1.69244 -0.05779
1.03661 0.08471
-0.75893 0.48321
-0.02938 1.06490
-0.72723 0.44526
0.30139 -0.08196
0.93256 0.60434
1.60602 -0.17775
-0.38342 0.86999
-0.01109 0.34844
1.35240 -0.43744
1.89583 -0.10067
0.27802 -0.29896
1.93110 -0.21188
0.82683 -0.48983
-0.55358 0.98559
0.55775 -0.50290
0.14467 1.06912
1.24221 -0.68448
-0.46460 0.89053
0.28394 -0.20017
0.43918 0.79919
-0.82201 0.20926
-0.84852 0.51491
-0.99552 0.21070
-0.67866 0.65019
1.19833 -0.06501
0.26306 -0.13417
0.19606 0.12719
0.76912 0.82497
0.99359 -0.47809
-0.99757 0.27193
-0.59770 0.54849
-0.16018 0.97918
1.90549 -0.27731
-0.09328 0.48209
-1.05410 0.41242
-0.71530 0.91255
0.60976 -0.39026
0.11810 0.17260
-0.52249 1.00542
1.50946 -0.55724
0.47367 -0.43986
-0.10783 0.38645
0.81646 0.29311
-0.27535 0.73344
1.54548 -0.23339
0.73598 -0.49497
-0.23714 0.84090
-0.70504 0.66655
-0.49334 1.11573
0.90563 0.13352
0.86760 0.57341
1.71864 -0.24771
2.00435 0.39755
0.70747 0.70711
-0.46056 0.82194
1.28545 -0.46753
-0.19422 0.98185
1.38543 -0.32772
0.13527 0.00935
0.08796 0.02536
1.58694 -0.51941
-0.58702 0.82534
1.76675 0.16335
-0.85460 0.49576
0.47923 0.85269
0.02315 0.12721
0.27144 -0.26587
0.25826 0.88562
-0.19391 0.13226
-0.79031 0.91790
-1.00312 0.13286
0.15740 0.06839
1.34932 -0.52871
0.84796 0.47008
0.68102 0.85717
-0.83964 0.53891
0.04962 0.19577
-0.30103 0.83447
1.57412 -0.32477
0.13792 0.90209
0.01500 0.92437
0.38930 0.90760
0.77400 0.76253
0.16048 -0.25504
0.82211 -0.54921
0.97626 -0.42679
2.02209 0.16858
0.34495 0.75131
1.77814 -0.25634
1.14441 -0.78083
-0.78954 0.58576
0.23743 0.82406
-0.56319 0.98249
0.81597 0.72688
0.75587 0.37383
-0.01425 0.16558
1.78835 -0.24114
-0.91395 0.50037
1.16370 -0.53054
0.73967 0.46561
-0.11038 0.97841
-0.08359 0.95126
0.48158 0.92351
0.94733 0.50027
-0.57483 1.02969
-0.76568 0.41231
1.04523 -0.54621
1.40367 -0.39808
0.06635 0.29727
1.70217 -0.26581
-0.80293 0.43623
1.79957 -0.32764
1.90601 0.32208
1.29757 -0.52157
-0.10690 0.36680
0.58298 0.89512
